AUSG_triangle
48*35
0.9349*1.6026|0|0
-220,-50
Border: Passable




0

1|1|1|1|1|1|1|1|1|1|1|1|1|1|1|1|0,6|1|1|1|1|1|1|1|1|1|1,4,3|1|1|1|1|1|1|1|1|1|1|1|1|1|1|1|1|1|1|1|1|1|1|1|1|0,6|1|1|1|1|1|1|1|1|1|1,3|1|1|1|1|1|1|1|1|1|1|1|1|1|1|1|1|1|1|1|1|1|1|1|0,6|0,6|1|1|1|1|1|1|1|1|1|4,3,6|1|1|1|1|1|1|1|1|1|1|1|1|1|1|1|1|1|1|1|1|1|1|1|0|0,6|0,6|1|1|1|1|1|1|1|1|0,6|1|1|1|1|1|1|1|1|1|1|1|1|1|1|1|1|1|1|1|1|1|1|1|0|0,6|0,6|1|1|1|1|1|1|0,6|0,6|0,6|0,6|0,6|1|1|1|1|1|1|1|1|1|1|1|1|1|1|1|1|1|1|1|1|0|0|0,6|0,6|1|1|1|1|1|1|2,6|0,6|0,6|0,6|0,6|1|1|1|1|1|1|1|1|1|1|1|1|1|1|1|1|1|1|1|1|1|1|1|1|1|1|1|1|1|1|1|0,1,6|0,1,6|0,1,6|0,1,6|3,1,6|4,3,6|1,3|1,3|1,3|1,3|1|1|1|1|1|1|1|1|1|1|1|1|1|0,2|0|0,2|0|1|1|0|1|1|1|1|2,6|0,6|0,6|0,6|0,6|1|1|1|1|1|1,3|1|1|1|1|1|1|1|1|1|1|1|0|0|0|0|0,2|0|1|1|0|1|1|1|1|0,6|0,6|0,6|0,6|0,6|1|1|1|1|1|1,3|1|1|1|1|1|1|1|1|1|1|1|1|0|0|0|0|0|1|1|0|1|1|1|1|1|1|1|1|1|1|1|1|1|1|1,3|1|1|1|1|1|1|1|1|1|1|1|1|1|0,2|0|0|0|1|1|0|1|1|1|1|0,6|0,6|0,6|0,6|0,6|1|1|1|1|1|1,3|1|1|1|1|1|1|1|1|1|1|0|0|1|1|1|1|1|1|1|0|1|1|1|1|2,6|0,6|0,6|0,6|0,6|1|1|1|1|1|1,3|1|1|1|1|1|1|1|1|1|0,6|0|0|0|1|1|1|1|1|1|0|1|1|1|1|1|0,6|0,6|0,6|0,6|3,6|4,3,6|1,3|1,3|1|1,3|1|1|1|1|1|1|1|0,6|0,6|0|0|0|0|0|0|1|1|1|1|0|0,6|1|1|1|2,6|0,6|0,6|0,6|0,6|1|1|1|1,3|1|1,3|1|1|1|1|1|1|1|0,6|0,6|0|0|0|0|0|0|1|1|1|1|0|0,6|1|1|1|0,6|0,6|0,6|0,6|0,6|1|1|1|1,3|1|1,3|1|1|1|1|1|1|1|0,6|0,6|0|0|0|0|0|0|1|1|1|1|0|0,6|1|1|1|1|1|1|0,6|1|1|1|1|1,3|1|1,3|1|1|1|1|1|1|1|0,6|0,6|0|0|0|0|0|0|0|1|1|1|0|0,6|1|1|1|0,6|0,6|0,6|0,6|0,6|1|1|1|1,3|1|1,3|1|1|1|1|1|1|1|0,6|0,6|0|0|0|0|0|0|0|1|1|1|0|0,6|1|1|1|2,6|0,6|0,6|0,6|0,6|1|1|1|1,3|1|1,3|1|1|1|1|1|1|1|0,6|0,6|0|0|0|0|0|0|0|1|1|1|0|0,6|1|1|1|1|0,1,6|0,1,6|0,1,6|0,1,6|3,1,6|4,3,3,6|1,3|1,3|1,3|1,3|1|1|1|1|1|1|1|0,6|0,6|0|0|0|0,6|0|0|0|1|1|1|0|1|1|1|1|2,6|0,6|0,6|0,6|0,6|1|1|1|1,3|1|1|1|1|1|1|1|1|1|0,6|0,6|0|0|0|0,6|0,6|0,6|0,6|1|1|1|0|0,6|1|1|1|0,6|0,6|0,6|0,6|0,6|1|1|1|1,3|1|1|1|1|1|1|1|1|1|0,6|0,6|0|0|0|0,6|0,6|0,6|0,6|0,6|1|1|0|0,6|1|1|1|1|0,6|1|0,6|1|1|1|1|1,3|1|1|1|1|1|1|1|1|1|0,6|0,6|0|0|0|0,6|0,6|0,6|0,6|0,6|1|1|0|1|1|1|1|1|0,6|1|0,6|1|1|1|1|1,3|1|1|1|1|1|1|1|1|1|0,6|0,6|0|0|0|0,6|0,6|0,6|0,6|0,6|1|1|0|1|1|1|1|1|0,6|1|0,6|1|1|1|1|1,3|1|1|1|1|1|1|1|1|1|0,6|0,6|0,6|0|0|0,6|0,6|0,6|0,6|0,6|1|1|0|1|1|1|1|1|0,6|1|0,6|1|1|1|1|1,3|1|1|1|1|1|1|1|1|1|0,6|0,6|0,6|0,6|0|0,6|0,6|0,6|0,6|0,6|1|1|0|1|1|1|1|1|0,6|1|0,6|1|1|1|1|1,3|1|1|1|1|1|1|1|1|1|1|0,6|0,6|0,6|0|0,6|0|0|0|1|1|1|0|0,6|1|1|1|1|0,6|1|0,6|1|1|1|1|1,3|1|1|1|1|1|1|1|1|1|1|0,6|0,6|0,6|0|0|0|0|0,6|1|1|1|0|0,6|1|1|1|0,6|0,6|0,6|0,6|0,6|1|1|1|1,3|1|1|1|1|1|1|1|1|1|1|0,6|0,6|0,6|0|0|0|0|0,6|1|1|1|0|1|1|1|1|2,6|0,6|0,6|0,6|0,6|1|1|1|1,3|1|1|1|1|1|1|1|1|1|1|1|0,6|0,6|0|0|0|0,6|1|1|1|1|0|0,6|1|1|1|1|0,1,6|0,1,6|0,1,6|0,1,6|3,1,6|4,3,6|1,3|1,3|1,3|1,3|1|1|1|1|1|1|1|1|1|0,6|0|0|0|0|0,6|1|1|1|1|0|0,6|1|1|1|2,6|0,6|0,6|0,6|0,6|1|1|1|1,3|1|1,3|1|1|1|1|1|1|1|1|1|0,6|0|0|0|0|0,6|1|1|1|1|0|0,6|1|1|1|0,6|0,6|0,6|0,6|0,6|1|1|1|1,3|1|1,3|1|1|1|1|1|1|1|1|1|0,6|0|0|0|0,6|0,6|1|1|1|1|0|0,6|1|1|1|1|1|1|1|1|1|1|1|1,3|1|1,3|1|1|1|1|1|1|1|1|1|0,6|0|0|0|0,6|1|1|1|1|1|0|0,6|1|1|1|0,6|0,6|0,6|0,6|0,6|1|1|1|1,3|1|1,3|1|1|1|1|1|1|1|1|0,6|0|0|0|0|0,6|1|1|1|1|1|0|0,6|1|1|1|2,6|0,6|0,6|0,6|0,6|1|1|1|1,3|1|1,3|1|1|1|1|1|1|1|1|0,6|0|0|0|0,6|1|1|1|1|1|1|0|1|1|1|1|1|0,6|0,6|0,6|0,6|3,6|4,3,6|1,3|1,3|1,3|1,3|1|1|1|1|1|1|1|1|0|0|0|0|0,6|1|1|1|1|1|1|0|1|1|1|1|2,6|0,6|0,6|0,6|0,6|1|1|1|1,3|1|1|1|1|1|1|1|1|1|0,6|0|0|0|0|0,6|1|1|1|1|1|1|0|1|1|1|1|0,6|0,6|0,6|0,6|0,6|1|1|1|1,3|1|1|1|1|1|1|1|1|1|0,6|0|0|0|0|2,6|1|1|1|1|1|1|0|1|1|1|1|1|1|1|1|1|1|1|1|1,3|1|1|1|1|1|1|1|1|1|0,6|0|0|0|0|1|1|1|1|1|1|1|0|1|1|1|1|0,6|0,6|0,6|0,6|0,6|1|1|1|1,3|1|1|1|1|1|1|1|1|1|0,6|0|0|0|0|2,6|1|1|1|1|1|1|1|1|1|1|1|2,6|0,6|0,6|0,6|0,6|1|1|1|1,3|1|1|1|1|1|1|1|1|1|0,6|0,6|0|0|0|0,6|1|1|1|1|1|1|1|1|1|1|1|1|0,1,6|0,1,6|0,1,6|0,1,6|3,1,6|4,3,6|1,3|1,3|1|1|1|1|1|1|1|1|1|1|0,1,6|0,1,6|0,1|0|0|0,6|1|1|1|1|1|1|1|1|1|1|2,6|0,6|0,6|0,6|0,6|1|1|1|1|1|1|1|1|1|1|1|1|1|1|1|0,6|0,6|0|0|0,6|1|1|1|1|1|1|1|1|1|1|0,6|0,6|0,6|0,6|0,6|1|1|1|1|1|1|1|1|1|1|1|1|1|1|1|1|0,6|0|0|0,6|1|1|1|1|1|1|1|1|1|1|1|1|0,6|1|1|1|1|1|1|1|1|1|1|1|1|1|1|1|1|1|1|1|0,1|0,1|0,1,6|0,1,6|1|1|1|1|1|1|1|1|1|1|1|4,3,6|1|1|1|1|1|1|1|1|1|1|1|1|1|1|1|1|1|1|1|0|0|2,6|1|2,6|1|1|1|1|1|1|1|1|1|1|1,3|1|1|1|1|1|1|1|1|1|1|1|1|1|1|1|1|1|1|0,6|0|0,6|1|1|1|1|1|1|1|1|1|1|1|1|1|1,4,3|1|1|1|1|1|1|1|1|
camera angles:38.9107,0.2918;-61.0939,0.5474;-58.8095,0.4506;48.1467,0.3216
